\In_Files\ansi.txt
SingleByteArr: (67)
224, 225, 226, 227, 228, 229, 184, 230, 231, 232, 233, 234, 235, 236, 237, 238, 239, 240, 241, 242, 243, 244, 245, 246, 247, 248, 249, 250, 251, 252, 253, 254, 255, 192, 193, 194, 195, 196, 197, 168, 198, 199, 200, 201, 202, 203, 204, 205, 206, 207, 208, 209, 210, 211, 212, 213, 214, 215, 216, 217, 218, 219, 220, 221, 222, 223, 32 
DoubleByteArr: (67)
-3 -3 -3 -3 -3 -3 -3 -3 -3 -3 -3 -3 -3 -3 -3 -3 -3 -3 -3 -3 -3 -3 -3 -3 -3 -3 -3 -3 -3 -3 -3 -3 -3 -3 -3 -3 -3 360 -3 -3 -3 -3 -3 -3 -3 -3 -3 -3 -3 -3 -3 -3 -3 -3 -3 -3 -3 -3 -3 -3 -3 -3 -3 -3 32 120 116 
 
\In_Files\utf8.txt
SingleByteArr: (133)
208, 176, 208, 177, 208, 178, 208, 179, 208, 180, 208, 181, 209, 145, 208, 182, 208, 183, 208, 184, 208, 185, 208, 186, 208, 187, 208, 188, 208, 189, 208, 190, 208, 191, 209, 128, 209, 129, 209, 130, 209, 131, 209, 132, 209, 133, 209, 134, 209, 135, 209, 136, 209, 137, 209, 138, 209, 139, 209, 140, 209, 141, 209, 142, 209, 143, 208, 144, 208, 145, 208, 146, 208, 147, 208, 148, 208, 149, 208, 129, 208, 150, 208, 151, 208, 152, 208, 153, 208, 154, 208, 155, 208, 156, 208, 157, 208, 158, 208, 159, 208, 160, 208, 161, 208, 162, 208, 163, 208, 164, 208, 165, 208, 166, 208, 167, 208, 168, 208, 169, 208, 170, 208, 171, 208, 172, 208, 173, 208, 174, 208, 175, 32 
DoubleByteArr: (67)
1072 1073 1074 1075 1076 1077 1105 1078 1079 1080 1081 1082 1083 1084 1085 1086 1087 1088 1089 1090 1091 1092 1093 1094 1095 1096 1097 1098 1099 1100 1101 1102 1103 1040 1041 1042 1043 1044 1045 1025 1046 1047 1048 1049 1050 1051 1052 1053 1054 1055 1056 1057 1058 1059 1060 1061 1062 1063 1064 1065 1066 1067 1068 1069 1070 1071 32 
 
\In_Files\utf16le.txt
SingleByteArr: (90)
255, 254, 48, 4, 49, 4, 50, 4, 51, 4, 52, 4, 53, 4, 81, 4, 54, 4, 55, 4, 56, 4, 57, 4, 58, 4, 59, 4, 60, 4, 61, 4, 62, 4, 63, 4, 64, 4, 65, 4, 66, 4, 67, 4, 68, 4, 69, 4, 70, 4, 71, 4, 72, 4, 73, 4, 74, 4, 75, 4, 76, 4, 77, 4, 78, 4, 79, 4, 16, 4, 17, 4, 18, 4, 19, 4, 20, 4, 21, 4, 1, 4, 22, 4, 23, 4, 24, 4, 25, 4 
DoubleByteArr: (90)
-3 -3 48 4 49 4 50 4 51 4 52 4 53 4 81 4 54 4 55 4 56 4 57 4 58 4 59 4 60 4 61 4 62 4 63 4 64 4 65 4 66 4 67 4 68 4 69 4 70 4 71 4 72 4 73 4 74 4 75 4 76 4 77 4 78 4 79 4 16 4 17 4 18 4 19 4 20 4 21 4 1 4 22 4 23 4 24 4 25 4 
 
