Read: C:\Users\as44s\Desktop\Study\Pascal\NoExam\In_Files\dataANSI.txt
63, 63, 63, 224, 225, 226, 227, 228, 229, 184, 230, 231, 232, 233, 234, 235, 236, 237, 238, 239, 240, 241, 242, 243, 244, 245, 246, 247, 248, 249, 250, 251, 252, 253, 254, 255, 192, 193, 194, 195, 196, 197, 168, 198, 199, 200, 201, 202, 203, 204, 205, 206, 207, 208, 209, 210, 211, 212, 213, 214, 215, 216, 217, 218, 219, 220, 221, 222, 223

00111111, 00111111, 00111111, 11100000, 11100001, 11100010, 11100011, 11100100, 11100101, 10111000, 11100110, 11100111, 11101000, 11101001, 11101010, 11101011, 11101100, 11101101, 11101110, 11101111, 11110000, 11110001, 11110010, 11110011, 11110100, 11110101, 11110110, 11110111, 11111000, 11111001, 11111010, 11111011, 11111100, 11111101, 11111110, 11111111, 11000000, 11000001, 11000010, 11000011, 11000100, 11000101, 10101000, 11000110, 11000111, 11001000, 11001001, 11001010, 11001011, 11001100, 11001101, 11001110, 11001111, 11010000, 11010001, 11010010, 11010011, 11010100, 11010101, 11010110, 11010111, 11011000, 11011001, 11011010, 11011011, 11011100, 11011101, 11011110
11011111, 
Read: C:\Users\as44s\Desktop\Study\Pascal\NoExam\In_Files\dataDOS.txt
63, 63, 63, 63, 63, 63, 63, 63, 63, 63, 63, 63, 63, 63, 63, 63, 63, 63, 63, 63, 63, 63, 63, 63, 63, 63, 63, 63, 63, 63, 63, 63, 63, 63, 63, 63, 63, 63, 63, 63, 63, 63, 63, 63, 63, 63, 63, 63, 63, 63, 63, 63, 63, 63, 63, 63, 63, 63, 63, 63, 63, 63, 63, 63, 63, 63, 63, 63, 63

00111111, 00111111, 00111111, 00111111, 00111111, 00111111, 00111111, 00111111, 00111111, 00111111, 00111111, 00111111, 00111111, 00111111, 00111111, 00111111, 00111111, 00111111, 00111111, 00111111, 00111111, 00111111, 00111111, 00111111, 00111111, 00111111, 00111111, 00111111, 00111111, 00111111, 00111111, 00111111, 00111111, 00111111, 00111111, 00111111, 00111111, 00111111, 00111111, 00111111, 00111111, 00111111, 00111111, 00111111, 00111111, 00111111, 00111111, 00111111, 00111111, 00111111, 00111111, 00111111, 00111111, 00111111, 00111111, 00111111, 00111111, 00111111, 00111111, 00111111, 00111111, 00111111, 00111111, 00111111, 00111111, 00111111, 00111111, 00111111
00111111, 
Read: C:\Users\as44s\Desktop\Study\Pascal\NoExam\In_Files\dataKOI8.txt
63, 63, 63, 193, 194, 215, 199, 196, 197, 163, 214, 218, 201, 202, 203, 204, 205, 206, 207, 208, 210, 211, 212, 213, 198, 200, 195, 222, 219, 221, 223, 217, 216, 220, 192, 209, 225, 226, 247, 231, 228, 229, 179, 246, 250, 233, 234, 235, 236, 237, 238, 239, 240, 242, 243, 244, 245, 230, 232, 227, 254, 251, 253, 255, 249, 248, 252, 224, 241

00111111, 00111111, 00111111, 11000001, 11000010, 11010111, 11000111, 11000100, 11000101, 10100011, 11010110, 11011010, 11001001, 11001010, 11001011, 11001100, 11001101, 11001110, 11001111, 11010000, 11010010, 11010011, 11010100, 11010101, 11000110, 11001000, 11000011, 11011110, 11011011, 11011101, 11011111, 11011001, 11011000, 11011100, 11000000, 11010001, 11100001, 11100010, 11110111, 11100111, 11100100, 11100101, 10110011, 11110110, 11111010, 11101001, 11101010, 11101011, 11101100, 11101101, 11101110, 11101111, 11110000, 11110010, 11110011, 11110100, 11110101, 11100110, 11101000, 11100011, 11111110, 11111011, 11111101, 11111111, 11111001, 11111000, 11111100, 11100000
11110001, 
Read: C:\Users\as44s\Desktop\Study\Pascal\NoExam\In_Files\dataUTF8.txt
63, 63, 63, 208, 176, 208, 177, 208, 178, 208, 179, 208, 180, 208, 181, 209, 145, 208, 182, 208, 183, 208, 184, 208, 185, 208, 186, 208, 187, 208, 188, 208, 189, 208, 190, 208, 191, 209, 128, 209, 129, 209, 130, 209, 131, 209, 132, 209, 133, 209, 134, 209, 135, 209, 136, 209, 137, 209, 138, 209, 139, 209, 140, 209, 141, 209, 142, 209, 143, 208, 144, 208, 145, 208, 146, 208, 147, 208, 148, 208, 149, 208, 129, 208, 150, 208, 151, 208, 152, 208, 153, 208, 154, 208, 155, 208, 156, 208, 157, 208, 158, 208, 159, 208, 160, 208, 161, 208, 162, 208, 163, 208, 164, 208, 165, 208, 166, 208, 167, 208, 168, 208, 169, 208, 170, 208, 171, 208, 172, 208, 173, 208, 174, 208, 175

00111111, 00111111, 00111111, 11010000, 10110000, 11010000, 10110001, 11010000, 10110010, 11010000, 10110011, 11010000, 10110100, 11010000, 10110101, 11010001, 10010001, 11010000, 10110110, 11010000, 10110111, 11010000, 10111000, 11010000, 10111001, 11010000, 10111010, 11010000, 10111011, 11010000, 10111100, 11010000, 10111101, 11010000, 10111110, 11010000, 10111111, 11010001, 10000000, 11010001, 10000001, 11010001, 10000010, 11010001, 10000011, 11010001, 10000100, 11010001, 10000101, 11010001, 10000110, 11010001, 10000111, 11010001, 10001000, 11010001, 10001001, 11010001, 10001010, 11010001, 10001011, 11010001, 10001100, 11010001, 10001101, 11010001, 10001110, 11010001, 10001111, 11010000, 10010000, 11010000, 10010001, 11010000, 10010010, 11010000, 10010011, 11010000, 10010100, 11010000, 10010101, 11010000, 10000001, 11010000, 10010110, 11010000, 10010111, 11010000, 10011000, 11010000, 10011001, 11010000, 10011010, 11010000, 10011011, 11010000, 10011100, 11010000, 10011101, 11010000, 10011110, 11010000, 10011111, 11010000, 10100000, 11010000, 10100001, 11010000, 10100010, 11010000, 10100011, 11010000, 10100100, 11010000, 10100101, 11010000, 10100110, 11010000, 10100111, 11010000, 10101000, 11010000, 10101001, 11010000, 10101010, 11010000, 10101011, 11010000, 10101100, 11010000, 10101101, 11010000, 10101110, 11010000
10101111, 
Read: C:\Users\as44s\Desktop\Study\Pascal\NoExam\In_Files\dataUTF16LE.txt
255, 254, 63, 0, 63, 0, 63, 0, 48, 4, 49, 4, 50, 4, 51, 4, 52, 4, 53, 4, 81, 4, 54, 4, 55, 4, 56, 4, 57, 4, 58, 4, 59, 4, 60, 4, 61, 4, 62, 4, 63, 4, 64, 4, 65, 4, 66, 4, 67, 4, 68, 4, 69, 4, 70, 4, 71, 4, 72, 4, 73, 4, 74, 4, 75, 4, 76, 4, 77, 4, 78, 4, 79, 4, 16, 4, 17, 4, 18, 4, 19, 4, 20, 4, 21, 4, 1, 4, 22, 4, 23, 4, 24, 4, 25, 4

11111111, 11111110, 00111111, 00000000, 00111111, 00000000, 00111111, 00000000, 00110000, 00000100, 00110001, 00000100, 00110010, 00000100, 00110011, 00000100, 00110100, 00000100, 00110101, 00000100, 01010001, 00000100, 00110110, 00000100, 00110111, 00000100, 00111000, 00000100, 00111001, 00000100, 00111010, 00000100, 00111011, 00000100, 00111100, 00000100, 00111101, 00000100, 00111110, 00000100, 00111111, 00000100, 01000000, 00000100, 01000001, 00000100, 01000010, 00000100, 01000011, 00000100, 01000100, 00000100, 01000101, 00000100, 01000110, 00000100, 01000111, 00000100, 01001000, 00000100, 01001001, 00000100, 01001010, 00000100, 01001011, 00000100, 01001100, 00000100, 01001101, 00000100, 01001110, 00000100, 01001111, 00000100, 00010000, 00000100, 00010001, 00000100, 00010010, 00000100, 00010011, 00000100, 00010100, 00000100, 00010101, 00000100, 00000001, 00000100, 00010110, 00000100, 00010111, 00000100, 00011000, 00000100, 00011001
00000100, 
Read: C:\Users\as44s\Desktop\Study\Pascal\NoExam\In_Files\dataUTF16BE.txt
254, 255, 0, 63, 0, 63, 0, 63, 4, 48, 4, 49, 4, 50, 4, 51, 4, 52, 4, 53, 4, 81, 4, 54, 4, 55, 4, 56, 4, 57, 4, 58, 4, 59, 4, 60, 4, 61, 4, 62, 4, 63, 4, 64, 4, 65, 4, 66, 4, 67, 4, 68, 4, 69, 4, 70, 4, 71, 4, 72, 4, 73, 4, 74, 4, 75, 4, 76, 4, 77, 4, 78, 4, 79, 4, 16, 4, 17, 4, 18, 4, 19, 4, 20, 4, 21, 4, 1, 4, 22, 4, 23, 4, 24, 4, 25, 4

11111110, 11111111, 00000000, 00111111, 00000000, 00111111, 00000000, 00111111, 00000100, 00110000, 00000100, 00110001, 00000100, 00110010, 00000100, 00110011, 00000100, 00110100, 00000100, 00110101, 00000100, 01010001, 00000100, 00110110, 00000100, 00110111, 00000100, 00111000, 00000100, 00111001, 00000100, 00111010, 00000100, 00111011, 00000100, 00111100, 00000100, 00111101, 00000100, 00111110, 00000100, 00111111, 00000100, 01000000, 00000100, 01000001, 00000100, 01000010, 00000100, 01000011, 00000100, 01000100, 00000100, 01000101, 00000100, 01000110, 00000100, 01000111, 00000100, 01001000, 00000100, 01001001, 00000100, 01001010, 00000100, 01001011, 00000100, 01001100, 00000100, 01001101, 00000100, 01001110, 00000100, 01001111, 00000100, 00010000, 00000100, 00010001, 00000100, 00010010, 00000100, 00010011, 00000100, 00010100, 00000100, 00010101, 00000100, 00000001, 00000100, 00010110, 00000100, 00010111, 00000100, 00011000, 00000100, 00011001
00000100, 
